WIREGUARD_CMD=wg-quick
CONFIG_PATH=/home/cfns/Desktop/NUCB.conf
GPS_IP=192.168.10.68
GPS_PORT=60660
MIN_LAT=52.095036
MAX_LAT=52.107768
MIN_LON=4.261257
MAX_LON=4.272086
